
k | j | M[k,j,i] --> 1. Schrauben
1 | 0 | 378,0489 | 394,7352 | 358,7524 | 379,8651 | 379,8651 | 400,5342 | 404,1494 | 377,4215 | 378,8946 | 373,6225 | 415,7058
1 | 1 | 4525 | 4350 | 4260 | 4254 | 4366 | 4743 | 4590 | 4596 | 4335 | 4675 | 4622

k | j | M[k,j,i] --> 2. Muttern
2 | 0 | 188,7524 | 188,5098 | 187,0955 | 189,5808 | 189,924 | 185,3382 | 185,5808 | 189,0955 | 192,7524 | 189,3382 | 185,0955
2 | 1 | 2014 | 1988 | 1914 | 2008 | 2001 | 1794 | 1818 | 1986 | 2100 | 1963 | 1854

k | j | M[k,j,i] --> 3. Scheiben
3 | 0 | 204,1666 | 200,4093 | 200,1666 | 203,5808 | 205,8235 | 205,5808 | 198,995 | 203,8235 | 209,8235 | 204,995 | 205,8235
3 | 1 | 2181 | 2060 | 1999 | 2075 | 2218 | 2093 | 1978 | 2093 | 2321 | 2198 | 2177
