
k | j | M[k,j,i] -->  1. Bohnen
1 | 0 | 310,6764 | 315,5636 | 271,9068 | 301,1789 | 339,5464 | 284,2499 | 297,9656 | 280,1666 | 347,9656 | 322,4093 | 285,321 | 8,24264
1 | 1 | 5455 | 5513 | 4230 | 4934 | 5911 | 4496 | 4794 | 4555 | 6542 | 5549 | 4606 | 8

k | j | M[k,j,i] -->  1. Bohnen
1 | 0 | 310,6764 | 315,5636 | 271,9068 | 301,1789 | 339,5464 | 284,2499 | 297,9656 | 280,1666 | 347,9656 | 322,4093 | 285,321
1 | 1 | 5455 | 5513 | 4230 | 4934 | 5911 | 4496 | 4794 | 4555 | 6542 | 5549 | 4606

k | j | M[k,j,i] -->    2. Mais
2 | 0 | 236,8945 | 248,6935 | 249,3798 | 240,1666 | 234,5098 | 248,5514 | 246,4093 | 237,4803 | 261,1789 | 241,3798 | 233,2377
2 | 1 | 3674 | 3825 | 4027 | 3718 | 3674 | 4058 | 3925 | 3682 | 4266 | 3856 | 3567

k | j | M[k,j,i] --> 3. Sonnenblumen
3 | 0 | 209,9656 | 217,723 | 239,8235 | 226,2671 | 227,3798 | 212,0245 | 206,995 | 225,5808 | 220,5098 | 238,794 | 223,6813
3 | 1 | 2825 | 2829 | 3660 | 3235 | 3184 | 2754 | 2674 | 3145 | 3143 | 3526 | 3302
